FORMAT = 0
FILE_SIZE = 1226, 1376
WINDOW_SIZE = 0, 1224, 0, 1374
R_FLAG = 2, 0.481
T_FLAG = 0
C_FLAG = 0
I_FLAG = 0
SET = 041201, 348.1, 41.88000517441082028571, Defo1.txt
SET = 152820, -166.61, 49.64581909976332220000, Defo2.txt
